 12.336231737394472
 10.732782158385557
 19.454077614459433
 48.11645519365794
 11.697997725757531
 15.592086677453763
 61.9594986826996
 11.029690764795392
 14.69345304728082
 17.221957219521904
 10.853453834505215
 14.41017045105285
 21.036142267063642
 10.199945092553545
 10.594373443804106
 10.528828478832017
 37.145788944114344
 20.512328772575035
 18.317244600319434
 47.7884255978916
 44.01262662904987
 13.959175566337931
 13.581833988984174
 11.825018436808357
 18.199472100385545
 13.841829060434602
 14.287899363868938
 13.87336094123882
 14.989384067218309
 11.278955799312811
 20.11348553230757
 26.382586755522105
 13.486694416324518
 34.07690311624459
 12.42254181032077
 81.42790667128662
 12.25301902188967
 20.843285656472805
 51.99156641824401
 13.932209101071921
 13.652823827967508
 78.59672328100552
 14.539174030019396
 10.969131262398713
 13.163598116514322
 36.56066251670652
 82.66891582147063
 18.191485601540034
 27.275912534134658
 10.665067899625813
 83.36195068958686
 12.409421676377205
 51.8063700464037
 17.70050340843505
 26.715171036085263
 15.99068414253543
 11.117973877501074
 31.09269826615971
 15.213091831145361
 19.29517625076256
 14.804456479885276
 12.039958292109636
 13.067834646969294
 18.102475145490256
 15.68258105910246
 29.66177987347981
 14.502956205998094
 22.62845711573873
 111.81923671332356
 15.8525961423693
 29.038957747756772
 13.68715120689768
 15.767433927929892
 29.17706131884912
 10.589113290898824
 124.43480097558141
 14.26726374744743
 73.77659631578925
 23.19106546283239
 13.106814904841446
 12.712728045353566
 12.514845649006949
 28.9587546606471
 18.22019323319706
 11.444661165717562
 17.49380264182933
 13.980206870136488
 15.07043896381421
 11.072038407872368
 14.453811404846249
 32.085141662152
 36.26454791205705
 12.264230855698978
 36.67152859194948
 11.009602165143342
 24.70615261675569
 18.252035658545587
 18.422689228659817
 18.39555062895251
 13.944496527417778
